50
720
0 1 99.999 7.3
0 2 99.999 7.3
0 3 99.999 7.3
0 4 1 4
0 5 1 4
0 6 99.999 7.3
0 7 99.999 7.3
0 8 99.999 7.3
0 9 99.999 7.3
0 10 99.999 7.3
0 11 99.999 7.3
0 12 99.999 7.3
0 13 99.999 7.3
0 14 99.999 7.3
0 15 99.999 7.3
0 16 99.999 7.3
0 17 99.999 7.3
0 18 99.999 7.3
0 19 99.999 7.3
0 20 99.999 7.3
0 21 99.999 7.3
0 22 99.999 7.3
0 23 99.999 7.3
0 24 99.999 7.3
0 25 99.999 7.3
0 26 99.999 7.3
0 27 99.999 7.3
0 28 99.999 7.3
0 29 99.999 7.3
0 30 99.999 7.3
0 31 99.999 7.3
0 32 99.999 7.3
0 33 99.999 7.3
0 34 99.999 7.3
0 35 99.999 7.3
0 36 99.999 7.3
0 37 99.999 7.3
0 38 99.999 7.3
0 39 99.999 7.3
0 40 99.999 7.3
0 41 99.999 7.3
0 42 99.999 7.3
0 43 99.999 7.3
0 44 99.999 7.3
0 45 99.999 7.3
0 46 99.999 7.3
0 47 99.999 7.3
0 48 99.999 7.3
0 49 99.999 7.3
1 2 1 2
1 3 99.999 7.3
1 4 99.999 7.3
1 5 99.999 7.3
1 6 1 2
1 7 99.999 7.3
1 8 99.999 7.3
1 9 1 2
1 10 99.999 7.3
1 11 99.999 7.3
1 12 99.999 7.3
1 13 99.999 7.3
1 14 99.999 7.3
1 15 99.999 7.3
1 16 99.999 7.3
1 17 99.999 7.3
1 18 99.999 7.3
1 19 99.999 7.3
1 20 99.999 7.3
1 21 99.999 7.3
1 22 99.999 7.3
1 23 99.999 7.3
1 24 99.999 7.3
1 25 99.999 7.3
1 26 99.999 7.3
1 27 99.999 7.3
1 28 99.999 7.3
1 29 99.999 7.3
1 30 99.999 7.3
1 31 99.999 7.3
1 32 99.999 7.3
1 33 99.999 7.3
1 34 99.999 7.3
1 35 99.999 7.3
1 36 99.999 7.3
1 37 99.999 7.3
1 38 99.999 7.3
1 39 99.999 7.3
1 40 99.999 7.3
1 41 99.999 7.3
1 42 99.999 7.3
1 43 99.999 7.3
1 44 99.999 7.3
1 45 99.999 7.3
1 46 99.999 7.3
1 47 99.999 7.3
1 48 99.999 7.3
1 49 99.999 7.3
2 3 99.999 7.3
2 4 99.999 7.3
2 5 99.999 7.3
2 6 1 2
2 7 99.999 7.3
2 8 99.999 7.3
2 9 1 2
2 10 99.999 7.3
2 11 99.999 7.3
2 12 99.999 7.3
2 13 99.999 7.3
2 14 99.999 7.3
2 15 99.999 7.3
2 16 99.999 7.3
2 17 99.999 7.3
2 18 99.999 7.3
2 19 99.999 7.3
2 20 99.999 7.3
2 21 99.999 7.3
2 22 99.999 7.3
2 23 99.999 7.3
2 24 99.999 7.3
2 25 99.999 7.3
2 26 99.999 7.3
2 27 99.999 7.3
2 28 99.999 7.3
2 29 99.999 7.3
2 30 99.999 7.3
2 31 99.999 7.3
2 32 99.999 7.3
2 33 99.999 7.3
2 34 99.999 7.3
2 35 99.999 7.3
2 36 99.999 7.3
2 37 99.999 7.3
2 38 99.999 7.3
2 39 99.999 7.3
2 40 99.999 7.3
2 41 99.999 7.3
2 42 99.999 7.3
2 43 99.999 7.3
2 44 99.999 7.3
2 45 99.999 7.3
2 46 99.999 7.3
2 47 99.999 7.3
2 48 99.999 7.3
2 49 99.999 7.3
3 4 99.999 7.3
3 5 99.999 7.3
3 6 99.999 7.3
3 7 1 4
3 8 1 4
3 9 99.999 7.3
3 10 99.999 7.3
3 11 99.999 7.3
3 12 99.999 7.3
3 13 99.999 7.3
3 14 99.999 7.3
3 15 99.999 7.3
3 16 99.999 7.3
3 17 99.999 7.3
3 18 99.999 7.3
3 19 99.999 7.3
3 20 99.999 7.3
3 21 99.999 7.3
3 22 99.999 7.3
3 23 99.999 7.3
3 24 99.999 7.3
3 25 99.999 7.3
3 26 99.999 7.3
3 27 99.999 7.3
3 28 99.999 7.3
3 29 99.999 7.3
3 30 99.999 7.3
3 31 99.999 7.3
3 32 99.999 7.3
3 33 99.999 7.3
3 34 99.999 7.3
3 35 99.999 7.3
3 36 99.999 7.3
3 37 99.999 7.3
3 38 99.999 7.3
3 39 99.999 7.3
3 40 99.999 7.3
3 41 99.999 7.3
3 42 99.999 7.3
3 43 99.999 7.3
3 44 99.999 7.3
3 45 99.999 7.3
3 46 99.999 7.3
3 47 99.999 7.3
3 48 99.999 7.3
3 49 99.999 7.3
4 5 1 4
4 6 99.999 7.3
4 7 99.999 7.3
4 8 99.999 7.3
4 9 99.999 7.3
4 10 99.999 7.3
4 11 99.999 7.3
4 12 99.999 7.3
4 13 99.999 7.3
4 14 99.999 7.3
4 15 99.999 7.3
4 16 99.999 7.3
4 17 99.999 7.3
4 18 99.999 7.3
4 19 99.999 7.3
4 20 99.999 7.3
4 21 99.999 7.3
4 22 99.999 7.3
4 23 99.999 7.3
4 24 99.999 7.3
4 25 99.999 7.3
4 26 99.999 7.3
4 27 99.999 7.3
4 28 99.999 7.3
4 29 99.999 7.3
4 30 99.999 7.3
4 31 99.999 7.3
4 32 99.999 7.3
4 33 99.999 7.3
4 34 99.999 7.3
4 35 99.999 7.3
4 36 99.999 7.3
4 37 99.999 7.3
4 38 99.999 7.3
4 39 99.999 7.3
4 40 99.999 7.3
4 41 99.999 7.3
4 42 99.999 7.3
4 43 99.999 7.3
4 44 99.999 7.3
4 45 99.999 7.3
4 46 99.999 7.3
4 47 99.999 7.3
4 48 99.999 7.3
4 49 99.999 7.3
5 6 99.999 7.3
5 7 99.999 7.3
5 8 99.999 7.3
5 9 99.999 7.3
5 10 99.999 7.3
5 11 99.999 7.3
5 12 99.999 7.3
5 13 99.999 7.3
5 14 99.999 7.3
5 15 99.999 7.3
5 16 99.999 7.3
5 17 99.999 7.3
5 18 99.999 7.3
5 19 99.999 7.3
5 20 99.999 7.3
5 21 99.999 7.3
5 22 99.999 7.3
5 23 99.999 7.3
5 24 99.999 7.3
5 25 99.999 7.3
5 26 99.999 7.3
5 27 99.999 7.3
5 28 99.999 7.3
5 29 99.999 7.3
5 30 99.999 7.3
5 31 99.999 7.3
5 32 99.999 7.3
5 33 99.999 7.3
5 34 99.999 7.3
5 35 99.999 7.3
5 36 99.999 7.3
5 37 99.999 7.3
5 38 99.999 7.3
5 39 99.999 7.3
5 40 99.999 7.3
5 41 99.999 7.3
5 42 99.999 7.3
5 43 99.999 7.3
5 44 99.999 7.3
5 45 99.999 7.3
5 46 99.999 7.3
5 47 99.999 7.3
5 48 99.999 7.3
5 49 99.999 7.3
6 7 99.999 7.3
6 8 99.999 7.3
6 9 1 2
6 10 99.999 7.3
6 11 99.999 7.3
6 12 99.999 7.3
6 13 99.999 7.3
6 14 99.999 7.3
6 15 99.999 7.3
6 16 99.999 7.3
6 17 99.999 7.3
6 18 99.999 7.3
6 19 99.999 7.3
6 20 99.999 7.3
6 21 99.999 7.3
6 22 99.999 7.3
6 23 99.999 7.3
6 24 99.999 7.3
6 25 99.999 7.3
6 26 99.999 7.3
6 27 99.999 7.3
6 28 99.999 7.3
6 29 99.999 7.3
6 30 99.999 7.3
6 31 99.999 7.3
6 32 99.999 7.3
6 33 99.999 7.3
6 34 99.999 7.3
6 35 99.999 7.3
6 36 99.999 7.3
6 37 99.999 7.3
6 38 99.999 7.3
6 39 99.999 7.3
6 40 99.999 7.3
6 41 99.999 7.3
6 42 99.999 7.3
6 43 99.999 7.3
6 44 99.999 7.3
6 45 99.999 7.3
6 46 99.999 7.3
6 47 99.999 7.3
6 48 99.999 7.3
6 49 99.999 7.3
7 8 1 4
7 9 99.999 7.3
7 10 99.999 7.3
7 11 99.999 7.3
7 12 99.999 7.3
7 13 99.999 7.3
7 14 99.999 7.3
7 15 99.999 7.3
7 16 99.999 7.3
7 17 99.999 7.3
7 18 99.999 7.3
7 19 99.999 7.3
7 20 99.999 7.3
7 21 99.999 7.3
7 22 99.999 7.3
7 23 99.999 7.3
7 24 99.999 7.3
7 25 99.999 7.3
7 26 99.999 7.3
7 27 99.999 7.3
7 28 99.999 7.3
7 29 99.999 7.3
7 30 99.999 7.3
7 31 99.999 7.3
7 32 99.999 7.3
7 33 99.999 7.3
7 34 99.999 7.3
7 35 99.999 7.3
7 36 99.999 7.3
7 37 99.999 7.3
7 38 99.999 7.3
7 39 99.999 7.3
7 40 99.999 7.3
7 41 99.999 7.3
7 42 99.999 7.3
7 43 99.999 7.3
7 44 99.999 7.3
7 45 99.999 7.3
7 46 99.999 7.3
7 47 99.999 7.3
7 48 99.999 7.3
7 49 99.999 7.3
8 9 99.999 7.3
8 10 99.999 7.3
8 11 99.999 7.3
8 12 99.999 7.3
8 13 99.999 7.3
8 14 99.999 7.3
8 15 99.999 7.3
8 16 99.999 7.3
8 17 99.999 7.3
8 18 99.999 7.3
8 19 99.999 7.3
8 20 99.999 7.3
8 21 99.999 7.3
8 22 99.999 7.3
8 23 99.999 7.3
8 24 99.999 7.3
8 25 99.999 7.3
8 26 99.999 7.3
8 27 99.999 7.3
8 28 99.999 7.3
8 29 99.999 7.3
8 30 99.999 7.3
8 31 99.999 7.3
8 32 99.999 7.3
8 33 99.999 7.3
8 34 99.999 7.3
8 35 99.999 7.3
8 36 99.999 7.3
8 37 99.999 7.3
8 38 99.999 7.3
8 39 99.999 7.3
8 40 99.999 7.3
8 41 99.999 7.3
8 42 99.999 7.3
8 43 99.999 7.3
8 44 99.999 7.3
8 45 99.999 7.3
8 46 99.999 7.3
8 47 99.999 7.3
8 48 99.999 7.3
8 49 99.999 7.3
9 10 99.999 7.3
9 11 99.999 7.3
9 12 99.999 7.3
9 13 99.999 7.3
9 14 99.999 7.3
9 15 99.999 7.3
9 16 99.999 7.3
9 17 99.999 7.3
9 18 99.999 7.3
9 19 99.999 7.3
9 20 99.999 7.3
9 21 99.999 7.3
9 22 99.999 7.3
9 23 99.999 7.3
9 24 99.999 7.3
9 25 99.999 7.3
9 26 99.999 7.3
9 27 99.999 7.3
9 28 99.999 7.3
9 29 99.999 7.3
9 30 99.999 7.3
9 31 99.999 7.3
9 32 99.999 7.3
9 33 99.999 7.3
9 34 99.999 7.3
9 35 99.999 7.3
9 36 99.999 7.3
9 37 99.999 7.3
9 38 99.999 7.3
9 39 99.999 7.3
9 40 99.999 7.3
9 41 99.999 7.3
9 42 99.999 7.3
9 43 99.999 7.3
9 44 99.999 7.3
9 45 99.999 7.3
9 46 99.999 7.3
9 47 99.999 7.3
9 48 99.999 7.3
9 49 99.999 7.3
10 11 99.999 7.3
10 12 99.999 7.3
10 13 99.999 7.3
10 14 1 4
10 15 1 4
10 16 99.999 7.3
10 17 99.999 7.3
10 18 99.999 7.3
10 19 99.999 7.3
10 20 99.999 7.3
10 21 99.999 7.3
10 22 99.999 7.3
10 23 99.999 7.3
10 24 99.999 7.3
10 25 99.999 7.3
10 26 99.999 7.3
10 27 99.999 7.3
10 28 99.999 7.3
10 29 99.999 7.3
10 30 99.999 7.3
10 31 99.999 7.3
10 32 99.999 7.3
10 33 99.999 7.3
10 34 99.999 7.3
10 35 99.999 7.3
10 36 99.999 7.3
10 37 99.999 7.3
10 38 99.999 7.3
10 39 99.999 7.3
10 40 99.999 7.3
10 41 99.999 7.3
10 42 99.999 7.3
10 43 99.999 7.3
10 44 99.999 7.3
10 45 99.999 7.3
10 46 99.999 7.3
10 47 99.999 7.3
10 48 99.999 7.3
10 49 99.999 7.3
11 12 1 2
11 13 99.999 7.3
11 14 99.999 7.3
11 15 99.999 7.3
11 16 1 2
11 17 99.999 7.3
11 18 99.999 7.3
11 19 1 2
11 20 99.999 7.3
11 21 99.999 7.3
11 22 99.999 7.3
11 23 99.999 7.3
11 24 99.999 7.3
11 25 99.999 7.3
11 26 99.999 7.3
11 27 99.999 7.3
11 28 99.999 7.3
11 29 99.999 7.3
11 30 99.999 7.3
11 31 99.999 7.3
11 32 99.999 7.3
11 33 99.999 7.3
11 34 99.999 7.3
11 35 99.999 7.3
11 36 99.999 7.3
11 37 99.999 7.3
11 38 99.999 7.3
11 39 99.999 7.3
11 40 99.999 7.3
11 41 99.999 7.3
11 42 99.999 7.3
11 43 99.999 7.3
11 44 99.999 7.3
11 45 99.999 7.3
11 46 99.999 7.3
11 47 99.999 7.3
11 48 99.999 7.3
11 49 99.999 7.3
12 13 99.999 7.3
12 14 99.999 7.3
12 15 99.999 7.3
12 16 1 2
12 17 99.999 7.3
12 18 99.999 7.3
12 19 1 2
12 20 99.999 7.3
12 21 99.999 7.3
12 22 99.999 7.3
12 23 99.999 7.3
12 24 99.999 7.3
12 25 99.999 7.3
12 26 99.999 7.3
12 27 99.999 7.3
12 28 99.999 7.3
12 29 99.999 7.3
12 30 99.999 7.3
12 31 99.999 7.3
12 32 99.999 7.3
12 33 99.999 7.3
12 34 99.999 7.3
12 35 99.999 7.3
12 36 99.999 7.3
12 37 99.999 7.3
12 38 99.999 7.3
12 39 99.999 7.3
12 40 99.999 7.3
12 41 99.999 7.3
12 42 99.999 7.3
12 43 99.999 7.3
12 44 99.999 7.3
12 45 99.999 7.3
12 46 99.999 7.3
12 47 99.999 7.3
12 48 99.999 7.3
12 49 99.999 7.3
13 14 99.999 7.3
13 15 99.999 7.3
13 16 99.999 7.3
13 17 1 4
13 18 1 4
13 19 99.999 7.3
13 20 99.999 7.3
13 21 99.999 7.3
13 22 99.999 7.3
13 23 99.999 7.3
13 24 99.999 7.3
13 25 99.999 7.3
13 26 99.999 7.3
13 27 99.999 7.3
13 28 99.999 7.3
13 29 99.999 7.3
13 30 99.999 7.3
13 31 99.999 7.3
13 32 99.999 7.3
13 33 99.999 7.3
13 34 99.999 7.3
13 35 99.999 7.3
13 36 99.999 7.3
13 37 99.999 7.3
13 38 99.999 7.3
13 39 99.999 7.3
13 40 99.999 7.3
13 41 99.999 7.3
13 42 99.999 7.3
13 43 99.999 7.3
13 44 99.999 7.3
13 45 99.999 7.3
13 46 99.999 7.3
13 47 99.999 7.3
13 48 99.999 7.3
13 49 99.999 7.3
14 15 1 4
14 16 99.999 7.3
14 17 99.999 7.3
14 18 99.999 7.3
14 19 99.999 7.3
14 20 99.999 7.3
14 21 99.999 7.3
14 22 99.999 7.3
14 23 99.999 7.3
14 24 99.999 7.3
14 25 99.999 7.3
14 26 99.999 7.3
14 27 99.999 7.3
14 28 99.999 7.3
14 29 99.999 7.3
14 30 99.999 7.3
14 31 99.999 7.3
14 32 99.999 7.3
14 33 99.999 7.3
14 34 99.999 7.3
14 35 99.999 7.3
14 36 99.999 7.3
14 37 99.999 7.3
14 38 99.999 7.3
14 39 99.999 7.3
14 40 99.999 7.3
14 41 99.999 7.3
14 42 99.999 7.3
14 43 99.999 7.3
14 44 99.999 7.3
14 45 99.999 7.3
14 46 99.999 7.3
14 47 99.999 7.3
14 48 99.999 7.3
14 49 99.999 7.3
15 16 99.999 7.3
15 17 99.999 7.3
15 18 99.999 7.3
15 19 99.999 7.3
15 20 99.999 7.3
15 21 99.999 7.3
15 22 99.999 7.3
15 23 99.999 7.3
15 24 99.999 7.3
15 25 99.999 7.3
15 26 99.999 7.3
15 27 99.999 7.3
15 28 99.999 7.3
15 29 99.999 7.3
15 30 99.999 7.3
15 31 99.999 7.3
15 32 99.999 7.3
15 33 99.999 7.3
15 34 99.999 7.3
15 35 99.999 7.3
15 36 99.999 7.3
15 37 99.999 7.3
15 38 99.999 7.3
15 39 99.999 7.3
15 40 99.999 7.3
15 41 99.999 7.3
15 42 99.999 7.3
15 43 99.999 7.3
15 44 99.999 7.3
15 45 99.999 7.3
15 46 99.999 7.3
15 47 99.999 7.3
15 48 99.999 7.3
15 49 99.999 7.3
16 17 99.999 7.3
16 18 99.999 7.3
16 19 1 2
16 20 99.999 7.3
16 21 99.999 7.3
16 22 99.999 7.3
16 23 99.999 7.3
16 24 99.999 7.3
16 25 99.999 7.3
16 26 99.999 7.3
16 27 99.999 7.3
16 28 99.999 7.3
16 29 99.999 7.3
16 30 99.999 7.3
16 31 99.999 7.3
16 32 99.999 7.3
16 33 99.999 7.3
16 34 99.999 7.3
16 35 99.999 7.3
16 36 99.999 7.3
16 37 99.999 7.3
16 38 99.999 7.3
16 39 99.999 7.3
16 40 99.999 7.3
16 41 99.999 7.3
16 42 99.999 7.3
16 43 99.999 7.3
16 44 99.999 7.3
16 45 99.999 7.3
16 46 99.999 7.3
16 47 99.999 7.3
16 48 99.999 7.3
16 49 99.999 7.3
17 18 1 4
17 19 99.999 7.3
17 20 99.999 7.3
17 21 99.999 7.3
17 22 99.999 7.3
17 23 99.999 7.3
17 24 99.999 7.3
17 25 99.999 7.3
17 26 99.999 7.3
17 27 99.999 7.3
17 28 99.999 7.3
17 29 99.999 7.3
17 30 99.999 7.3
17 31 99.999 7.3
17 32 99.999 7.3
17 33 99.999 7.3
17 34 99.999 7.3
17 35 99.999 7.3
17 36 99.999 7.3
17 37 99.999 7.3
17 38 99.999 7.3
17 39 99.999 7.3
17 40 99.999 7.3
17 41 99.999 7.3
17 42 99.999 7.3
17 43 99.999 7.3
17 44 99.999 7.3
17 45 99.999 7.3
17 46 99.999 7.3
17 47 99.999 7.3
17 48 99.999 7.3
17 49 99.999 7.3
18 19 99.999 7.3
18 20 99.999 7.3
18 21 99.999 7.3
18 22 99.999 7.3
18 23 99.999 7.3
18 24 99.999 7.3
18 25 99.999 7.3
18 26 99.999 7.3
18 27 99.999 7.3
18 28 99.999 7.3
18 29 99.999 7.3
18 30 99.999 7.3
18 31 99.999 7.3
18 32 99.999 7.3
18 33 99.999 7.3
18 34 99.999 7.3
18 35 99.999 7.3
18 36 99.999 7.3
18 37 99.999 7.3
18 38 99.999 7.3
18 39 99.999 7.3
18 40 99.999 7.3
18 41 99.999 7.3
18 42 99.999 7.3
18 43 99.999 7.3
18 44 99.999 7.3
18 45 99.999 7.3
18 46 99.999 7.3
18 47 99.999 7.3
18 48 99.999 7.3
18 49 99.999 7.3
19 20 99.999 7.3
19 21 99.999 7.3
19 22 99.999 7.3
19 23 99.999 7.3
19 24 99.999 7.3
19 25 99.999 7.3
19 26 99.999 7.3
19 27 99.999 7.3
19 28 99.999 7.3
19 29 99.999 7.3
19 30 99.999 7.3
19 31 99.999 7.3
19 32 99.999 7.3
19 33 99.999 7.3
19 34 99.999 7.3
19 35 99.999 7.3
19 36 99.999 7.3
19 37 99.999 7.3
19 38 99.999 7.3
19 39 99.999 7.3
19 40 99.999 7.3
19 41 99.999 7.3
19 42 99.999 7.3
19 43 99.999 7.3
19 44 99.999 7.3
19 45 99.999 7.3
19 46 99.999 7.3
19 47 99.999 7.3
19 48 99.999 7.3
19 49 99.999 7.3
20 21 99.999 7.3
20 22 99.999 7.3
20 23 99.999 7.3
20 24 1 4
20 25 1 4
20 26 99.999 7.3
20 27 99.999 7.3
20 28 99.999 7.3
20 29 99.999 7.3
20 30 99.999 7.3
20 31 99.999 7.3
20 32 99.999 7.3
20 33 99.999 7.3
20 34 99.999 7.3
20 35 99.999 7.3
20 36 99.999 7.3
20 37 99.999 7.3
20 38 99.999 7.3
20 39 99.999 7.3
20 40 99.999 7.3
20 41 99.999 7.3
20 42 99.999 7.3
20 43 99.999 7.3
20 44 99.999 7.3
20 45 99.999 7.3
20 46 99.999 7.3
20 47 99.999 7.3
20 48 99.999 7.3
20 49 99.999 7.3
21 22 1 2
21 23 99.999 7.3
21 24 99.999 7.3
21 25 99.999 7.3
21 26 1 2
21 27 99.999 7.3
21 28 99.999 7.3
21 29 1 2
21 30 99.999 7.3
21 31 99.999 7.3
21 32 99.999 7.3
21 33 99.999 7.3
21 34 99.999 7.3
21 35 99.999 7.3
21 36 99.999 7.3
21 37 99.999 7.3
21 38 99.999 7.3
21 39 99.999 7.3
21 40 99.999 7.3
21 41 99.999 7.3
21 42 99.999 7.3
21 43 99.999 7.3
21 44 99.999 7.3
21 45 99.999 7.3
21 46 99.999 7.3
21 47 99.999 7.3
21 48 99.999 7.3
21 49 99.999 7.3
22 23 99.999 7.3
22 24 99.999 7.3
22 25 99.999 7.3
22 26 1 2
22 27 99.999 7.3
22 28 99.999 7.3
22 29 1 2
22 30 99.999 7.3
22 31 99.999 7.3
22 32 99.999 7.3
22 33 99.999 7.3
22 34 99.999 7.3
22 35 99.999 7.3
22 36 99.999 7.3
22 37 99.999 7.3
22 38 99.999 7.3
22 39 99.999 7.3
22 40 99.999 7.3
22 41 99.999 7.3
22 42 99.999 7.3
22 43 99.999 7.3
22 44 99.999 7.3
22 45 99.999 7.3
22 46 99.999 7.3
22 47 99.999 7.3
22 48 99.999 7.3
22 49 99.999 7.3
23 24 99.999 7.3
23 25 99.999 7.3
23 26 99.999 7.3
23 27 1 4
23 28 1 4
23 29 99.999 7.3
23 30 99.999 7.3
23 31 99.999 7.3
23 32 99.999 7.3
23 33 99.999 7.3
23 34 99.999 7.3
23 35 99.999 7.3
23 36 99.999 7.3
23 37 99.999 7.3
23 38 99.999 7.3
23 39 99.999 7.3
23 40 99.999 7.3
23 41 99.999 7.3
23 42 99.999 7.3
23 43 99.999 7.3
23 44 99.999 7.3
23 45 99.999 7.3
23 46 99.999 7.3
23 47 99.999 7.3
23 48 99.999 7.3
23 49 99.999 7.3
24 25 1 4
24 26 99.999 7.3
24 27 99.999 7.3
24 28 99.999 7.3
24 29 99.999 7.3
24 30 99.999 7.3
24 31 99.999 7.3
24 32 99.999 7.3
24 33 99.999 7.3
24 34 99.999 7.3
24 35 99.999 7.3
24 36 99.999 7.3
24 37 99.999 7.3
24 38 99.999 7.3
24 39 99.999 7.3
24 40 99.999 7.3
24 41 99.999 7.3
24 42 99.999 7.3
24 43 99.999 7.3
24 44 99.999 7.3
24 45 99.999 7.3
24 46 99.999 7.3
24 47 99.999 7.3
24 48 99.999 7.3
24 49 99.999 7.3
25 26 99.999 7.3
25 27 99.999 7.3
25 28 99.999 7.3
25 29 99.999 7.3
25 30 99.999 7.3
25 31 99.999 7.3
25 32 99.999 7.3
25 33 99.999 7.3
25 34 99.999 7.3
25 35 99.999 7.3
25 36 99.999 7.3
25 37 99.999 7.3
25 38 99.999 7.3
25 39 99.999 7.3
25 40 99.999 7.3
25 41 99.999 7.3
25 42 99.999 7.3
25 43 99.999 7.3
25 44 99.999 7.3
25 45 99.999 7.3
25 46 99.999 7.3
25 47 99.999 7.3
25 48 99.999 7.3
25 49 99.999 7.3
26 27 99.999 7.3
26 28 99.999 7.3
26 29 1 2
26 30 99.999 7.3
26 31 99.999 7.3
26 32 99.999 7.3
26 33 99.999 7.3
26 34 99.999 7.3
26 35 99.999 7.3
26 36 99.999 7.3
26 37 99.999 7.3
26 38 99.999 7.3
26 39 99.999 7.3
26 40 99.999 7.3
26 41 99.999 7.3
26 42 99.999 7.3
26 43 99.999 7.3
26 44 99.999 7.3
26 45 99.999 7.3
26 46 99.999 7.3
26 47 99.999 7.3
26 48 99.999 7.3
26 49 99.999 7.3
27 28 1 4
27 29 99.999 7.3
27 30 99.999 7.3
27 31 99.999 7.3
27 32 99.999 7.3
27 33 99.999 7.3
27 34 99.999 7.3
27 35 99.999 7.3
27 36 99.999 7.3
27 37 99.999 7.3
27 38 99.999 7.3
27 39 99.999 7.3
27 40 99.999 7.3
27 41 99.999 7.3
27 42 99.999 7.3
27 43 99.999 7.3
27 44 99.999 7.3
27 45 99.999 7.3
27 46 99.999 7.3
27 47 99.999 7.3
27 48 99.999 7.3
27 49 99.999 7.3
28 29 99.999 7.3
28 30 99.999 7.3
28 31 99.999 7.3
28 32 99.999 7.3
28 33 99.999 7.3
28 34 99.999 7.3
28 35 99.999 7.3
28 36 99.999 7.3
28 37 99.999 7.3
28 38 99.999 7.3
28 39 99.999 7.3
28 40 99.999 7.3
28 41 99.999 7.3
28 42 99.999 7.3
28 43 99.999 7.3
28 44 99.999 7.3
28 45 99.999 7.3
28 46 99.999 7.3
28 47 99.999 7.3
28 48 99.999 7.3
28 49 99.999 7.3
29 30 99.999 7.3
29 31 99.999 7.3
29 32 99.999 7.3
29 33 99.999 7.3
29 34 99.999 7.3
29 35 99.999 7.3
29 36 99.999 7.3
29 37 99.999 7.3
29 38 99.999 7.3
29 39 99.999 7.3
29 40 99.999 7.3
29 41 99.999 7.3
29 42 99.999 7.3
29 43 99.999 7.3
29 44 99.999 7.3
29 45 99.999 7.3
29 46 99.999 7.3
29 47 99.999 7.3
29 48 99.999 7.3
29 49 99.999 7.3
30 31 99.999 7.3
30 32 99.999 7.3
30 33 99.999 7.3
30 34 1 4
30 35 1 4
30 36 99.999 7.3
30 37 99.999 7.3
30 38 99.999 7.3
30 39 99.999 7.3
30 40 99.999 7.3
30 41 99.999 7.3
30 42 99.999 7.3
30 43 99.999 7.3
30 44 99.999 7.3
30 45 99.999 7.3
30 46 99.999 7.3
30 47 99.999 7.3
30 48 99.999 7.3
30 49 99.999 7.3
31 32 1 2
31 33 99.999 7.3
31 34 99.999 7.3
31 35 99.999 7.3
31 36 1 2
31 37 99.999 7.3
31 38 99.999 7.3
31 39 1 2
31 40 99.999 7.3
31 41 99.999 7.3
31 42 99.999 7.3
31 43 99.999 7.3
31 44 99.999 7.3
31 45 99.999 7.3
31 46 99.999 7.3
31 47 99.999 7.3
31 48 99.999 7.3
31 49 99.999 7.3
32 33 99.999 7.3
32 34 99.999 7.3
32 35 99.999 7.3
32 36 1 2
32 37 99.999 7.3
32 38 99.999 7.3
32 39 1 2
32 40 99.999 7.3
32 41 99.999 7.3
32 42 99.999 7.3
32 43 99.999 7.3
32 44 99.999 7.3
32 45 99.999 7.3
32 46 99.999 7.3
32 47 99.999 7.3
32 48 99.999 7.3
32 49 99.999 7.3
33 34 99.999 7.3
33 35 99.999 7.3
33 36 99.999 7.3
33 37 1 4
33 38 1 4
33 39 99.999 7.3
33 40 99.999 7.3
33 41 99.999 7.3
33 42 99.999 7.3
33 43 99.999 7.3
33 44 99.999 7.3
33 45 99.999 7.3
33 46 99.999 7.3
33 47 99.999 7.3
33 48 99.999 7.3
33 49 99.999 7.3
34 35 1 4
34 36 99.999 7.3
34 37 99.999 7.3
34 38 99.999 7.3
34 39 99.999 7.3
34 40 99.999 7.3
34 41 99.999 7.3
34 42 99.999 7.3
34 43 99.999 7.3
34 44 99.999 7.3
34 45 99.999 7.3
34 46 99.999 7.3
34 47 99.999 7.3
34 48 99.999 7.3
34 49 99.999 7.3
35 36 99.999 7.3
35 37 99.999 7.3
35 38 99.999 7.3
35 39 99.999 7.3
35 40 99.999 7.3
35 41 99.999 7.3
35 42 99.999 7.3
35 43 99.999 7.3
35 44 99.999 7.3
35 45 99.999 7.3
35 46 99.999 7.3
35 47 99.999 7.3
35 48 99.999 7.3
35 49 99.999 7.3
36 37 99.999 7.3
36 38 99.999 7.3
36 39 1 2
36 40 99.999 7.3
36 41 99.999 7.3
36 42 99.999 7.3
36 43 99.999 7.3
36 44 99.999 7.3
36 45 99.999 7.3
36 46 99.999 7.3
36 47 99.999 7.3
36 48 99.999 7.3
36 49 99.999 7.3
37 38 1 4
37 39 99.999 7.3
37 40 99.999 7.3
37 41 99.999 7.3
37 42 99.999 7.3
37 43 99.999 7.3
37 44 99.999 7.3
37 45 99.999 7.3
37 46 99.999 7.3
37 47 99.999 7.3
37 48 99.999 7.3
37 49 99.999 7.3
38 39 99.999 7.3
38 40 99.999 7.3
38 41 99.999 7.3
38 42 99.999 7.3
38 43 99.999 7.3
38 44 99.999 7.3
38 45 99.999 7.3
38 46 99.999 7.3
38 47 99.999 7.3
38 48 99.999 7.3
38 49 99.999 7.3
39 40 99.999 7.3
39 41 99.999 7.3
39 42 99.999 7.3
39 43 99.999 7.3
39 44 99.999 7.3
39 45 99.999 7.3
39 46 99.999 7.3
39 47 99.999 7.3
39 48 99.999 7.3
39 49 99.999 7.3
40 41 99.999 7.3
40 42 99.999 7.3
40 43 99.999 7.3
40 44 1 4
40 45 1 4
40 46 99.999 7.3
40 47 99.999 7.3
40 48 99.999 7.3
40 49 99.999 7.3
41 42 1 2
41 43 99.999 7.3
41 44 99.999 7.3
41 45 99.999 7.3
41 46 1 2
41 47 99.999 7.3
41 48 99.999 7.3
41 49 1 2
42 43 99.999 7.3
42 44 99.999 7.3
42 45 99.999 7.3
42 46 1 2
42 47 99.999 7.3
42 48 99.999 7.3
42 49 1 2
43 44 99.999 7.3
43 45 99.999 7.3
43 46 99.999 7.3
43 47 1 4
43 48 1 4
43 49 99.999 7.3
44 45 1 4
44 46 99.999 7.3
44 47 99.999 7.3
44 48 99.999 7.3
44 49 99.999 7.3
45 46 99.999 7.3
45 47 99.999 7.3
45 48 99.999 7.3
45 49 99.999 7.3
46 47 99.999 7.3
46 48 99.999 7.3
46 49 1 2
47 48 1 4
47 49 99.999 7.3
48 49 99.999 7.3
